5.400376491525227252e-02
4.242364983970828840e-01
-1.622005503175361296e+00
-1.377588482238407019e+00
-5.187397696724462826e-01
-4.897742913793248221e-01
3.528243063381870659e-01
-2.027230698447084034e+00
-3.137360123525605449e-01
-1.913770445349056493e+00
9.151533314795294860e-01
5.278706430330903920e-01
-8.912705707120637255e-01
1.086064754103346353e+00
5.409160416043863329e-01
1.993877744089822546e-01
-6.966043649203715882e-01
4.699960996302893906e-03
-5.586377926863561605e-01
5.517691744479021054e-02
-8.968191647821293078e-01
3.095897629048925737e+00
1.215325580430885559e-02
1.615925735813084518e+00
-1.940042810307266663e+00
2.821992502482662535e-01
1.236365779569333689e+00
-6.693858377170019969e-01
7.880935063951235442e-01
-4.093485996537203908e-01
8.129439944422376385e-01
1.523094425397213625e+00
5.170443211851327714e-01
-1.675867681143017540e+00
1.186914231047469848e+00
1.405424086258500183e-01
-4.782570991401579596e-01
-4.761311048488983677e-01
1.018901706887503054e-02
4.197340274076439837e-01
-2.324609919368937350e-01
1.533742083748084462e-01
-1.444426502414488001e+00
-8.939825239931740164e-01
-4.810372903261991850e-01
3.997879454189710025e-01
-5.210314112693708033e-01
4.952043798578470990e-01
-4.576296680255599880e-01
-2.167677919008117904e+00
7.849678115739293638e-01
6.278006265323786694e-01
-2.605747605715076909e-01
-7.070219476728303309e-01
2.230669945881975202e+00
1.336320495407580689e+00
-3.613674048063138522e-01
5.308407617623090990e-01
1.451928478964053193e+00
3.424563707925571521e+00
8.020695139566453857e-01
-1.180813164404137972e+00
1.197379070691224623e+00
-1.380816050599648737e+00
-2.149920892187742183e-01
-1.206763361509912258e+00
1.621615120928837084e-01
-4.427384420444551716e-01
-1.933257627032209935e+00
1.367391018099546995e+00
-5.879963605477809274e-01
2.414441929630433414e-01
-2.988699764521073332e-01
6.785210979108606821e-01
-9.624378487432403428e-01
1.395423622497253158e+00
1.207954050549508773e+00
2.420826959212313556e-01
-1.444758133290734214e+00
4.378837300101939278e-01
6.687040823177280435e-01
-3.493366247433610239e-01
-2.997848155844579643e-01
1.047977839907838771e+00
-5.708013647716780881e-01
4.579459037372481944e-01
-2.433787903215417769e-01
-1.990015448520456032e-01
2.869893579638613246e-01
-1.516978849319615685e-01
-2.960667464118898806e+00
-4.370397280245150173e-02
-6.139421593442021541e-01
1.597498052607250751e-01
-4.836140727124573768e-01
6.425258982549694187e-01
-2.656576687923878577e+00
1.172799129623170122e+00
-6.027068552739410778e-01
-1.795147998104200227e+00
